% Auto-generated on Sun Mar 27 06:25:48 EEST 2016

%  'T:' Identifies the Attribute Title Line
%  'A:' Identifies Training Set Examples
%  'B:' Identifies Test Set Examples

T: Hair, Feathers, Eggs, Milk, Airborne, Aquatic, Predator, Teeth, Backbone, Breathes, Venemous, Fins, Legs, Tails, Domestic, Catsize, Classification of Animal;
A: 1, 0, 0, 1, 0, 0, 1, 1, 1, 1, 0, 0, 4, 0, 0, 1, 1;
A: 1, 0, 0, 1, 0, 0, 0, 1, 1, 1, 0, 0, 4, 1, 0, 1, 1;
A: 0, 0, 1, 0, 0, 1, 1, 1, 1, 0, 0, 1, 0, 1, 0, 0, 4;
A: 1, 0, 0, 1, 0, 0, 1, 1, 1, 1, 0, 0, 4, 0, 0, 1, 1;
A: 1, 0, 0, 1, 0, 0, 1, 1, 1, 1, 0, 0, 4, 1, 0, 1, 1;
A: 1, 0, 0, 1, 0, 0, 0, 1, 1, 1, 0, 0, 4, 1, 0, 1, 1;
A: 1, 0, 0, 1, 0, 0, 0, 1, 1, 1, 0, 0, 4, 1, 1, 1, 1;
A: 0, 0, 1, 0, 0, 1, 0, 1, 1, 0, 0, 1, 0, 1, 1, 0, 4;
A: 0, 0, 1, 0, 0, 1, 1, 1, 1, 0, 0, 1, 0, 1, 0, 0, 4;
A: 1, 0, 0, 1, 0, 0, 0, 1, 1, 1, 0, 0, 4, 0, 1, 0, 1;
A: 1, 0, 0, 1, 0, 0, 1, 1, 1, 1, 0, 0, 4, 1, 0, 1, 1;
A: 0, 1, 1, 0, 1, 0, 0, 0, 1, 1, 0, 0, 2, 1, 1, 0, 2;
A: 0, 0, 1, 0, 0, 1, 1, 1, 1, 0, 0, 1, 0, 1, 0, 0, 4;
A: 0, 0, 1, 0, 0, 0, 1, 0, 0, 0, 0, 0, 0, 0, 0, 0, 7;
A: 0, 0, 1, 0, 0, 1, 1, 0, 0, 0, 0, 0, 4, 0, 0, 0, 7;
A: 0, 0, 1, 0, 0, 1, 1, 0, 0, 0, 0, 0, 6, 0, 0, 0, 7;
A: 0, 1, 1, 0, 1, 0, 1, 0, 1, 1, 0, 0, 2, 1, 0, 0, 2;
A: 1, 0, 0, 1, 0, 0, 0, 1, 1, 1, 0, 0, 4, 1, 0, 1, 1;
A: 0, 0, 1, 0, 0, 1, 1, 1, 1, 0, 0, 1, 0, 1, 0, 1, 4;
A: 0, 0, 0, 1, 0, 1, 1, 1, 1, 1, 0, 1, 0, 1, 0, 1, 1;
A: 0, 1, 1, 0, 1, 0, 0, 0, 1, 1, 0, 0, 2, 1, 1, 0, 2;
A: 0, 1, 1, 0, 1, 1, 0, 0, 1, 1, 0, 0, 2, 1, 0, 0, 2;
A: 1, 0, 0, 1, 0, 0, 0, 1, 1, 1, 0, 0, 4, 1, 0, 1, 1;
A: 0, 1, 1, 0, 1, 0, 0, 0, 1, 1, 0, 0, 2, 1, 0, 1, 2;
A: 0, 0, 1, 0, 0, 0, 0, 0, 0, 1, 0, 0, 6, 0, 0, 0, 6;
A: 0, 0, 1, 0, 0, 1, 1, 1, 1, 1, 0, 0, 4, 0, 0, 0, 5;
A: 0, 0, 1, 0, 0, 1, 1, 1, 1, 1, 1, 0, 4, 0, 0, 0, 5;
A: 1, 0, 0, 1, 1, 0, 0, 1, 1, 1, 0, 0, 2, 1, 0, 0, 1;
A: 1, 0, 0, 1, 0, 0, 0, 1, 1, 1, 0, 0, 4, 1, 0, 1, 1;
A: 1, 0, 0, 1, 0, 0, 1, 1, 1, 1, 0, 0, 2, 0, 1, 1, 1;
A: 0, 0, 1, 0, 1, 0, 0, 0, 0, 1, 0, 0, 6, 0, 0, 0, 6;
A: 1, 0, 0, 1, 0, 0, 0, 1, 1, 1, 0, 0, 4, 1, 1, 1, 1;
A: 1, 0, 0, 1, 0, 0, 0, 1, 1, 1, 0, 0, 2, 0, 0, 1, 1;
A: 0, 1, 1, 0, 1, 1, 1, 0, 1, 1, 0, 0, 2, 1, 0, 0, 2;
A: 0, 0, 1, 0, 0, 1, 0, 1, 1, 0, 0, 1, 0, 1, 0, 0, 4;
A: 1, 0, 0, 1, 0, 0, 0, 1, 1, 1, 0, 0, 4, 1, 1, 0, 1;
A: 1, 0, 0, 1, 0, 0, 0, 1, 1, 1, 0, 0, 4, 1, 0, 0, 1;
A: 0, 1, 1, 0, 1, 0, 1, 0, 1, 1, 0, 0, 2, 1, 0, 0, 2;
A: 0, 0, 1, 0, 0, 1, 1, 1, 1, 0, 0, 1, 0, 1, 0, 0, 4;
A: 1, 0, 1, 0, 1, 0, 0, 0, 0, 1, 1, 0, 6, 0, 1, 0, 6;
A: 1, 0, 1, 0, 1, 0, 0, 0, 0, 1, 0, 0, 6, 0, 0, 0, 6;
A: 0, 1, 1, 0, 0, 0, 1, 0, 1, 1, 0, 0, 2, 1, 0, 0, 2;
A: 0, 0, 1, 0, 1, 0, 1, 0, 0, 1, 0, 0, 6, 0, 0, 0, 6;
A: 0, 1, 1, 0, 1, 0, 0, 0, 1, 1, 0, 0, 2, 1, 0, 0, 2;
A: 1, 0, 0, 1, 0, 0, 1, 1, 1, 1, 0, 0, 4, 1, 0, 1, 1;
A: 1, 0, 0, 1, 0, 0, 1, 1, 1, 1, 0, 0, 4, 1, 0, 1, 1;
A: 0, 0, 1, 0, 0, 1, 1, 0, 0, 0, 0, 0, 6, 0, 0, 0, 7;
A: 1, 0, 0, 1, 0, 0, 1, 1, 1, 1, 0, 0, 4, 1, 0, 1, 1;
A: 1, 0, 0, 1, 0, 1, 1, 1, 1, 1, 0, 0, 4, 1, 0, 1, 1;
A: 1, 0, 0, 1, 0, 0, 1, 1, 1, 1, 0, 0, 4, 1, 0, 0, 1;
A: 1, 0, 0, 1, 0, 0, 1, 1, 1, 1, 0, 0, 4, 1, 0, 1, 1;
A: 1, 0, 1, 0, 1, 0, 0, 0, 0, 1, 0, 0, 6, 0, 0, 0, 6;
A: 0, 0, 1, 0, 0, 1, 1, 1, 1, 1, 0, 0, 4, 1, 0, 0, 5;
A: 0, 0, 1, 0, 0, 1, 1, 0, 0, 0, 0, 0, 8, 0, 0, 1, 7;
A: 1, 0, 0, 1, 0, 0, 1, 1, 1, 1, 0, 0, 4, 1, 0, 0, 1;
A: 1, 0, 0, 1, 0, 0, 0, 1, 1, 1, 0, 0, 4, 1, 0, 1, 1;
A: 0, 1, 1, 0, 0, 0, 0, 0, 1, 1, 0, 0, 2, 1, 0, 1, 2;
A: 0, 1, 1, 0, 1, 0, 0, 0, 1, 1, 0, 0, 2, 1, 1, 0, 2;
A: 0, 1, 1, 0, 0, 1, 1, 0, 1, 1, 0, 0, 2, 1, 0, 1, 2;
A: 0, 1, 1, 0, 1, 0, 0, 0, 1, 1, 0, 0, 2, 1, 0, 0, 2;
A: 0, 0, 1, 0, 0, 1, 1, 1, 1, 0, 0, 1, 0, 1, 0, 1, 4;
A: 0, 0, 1, 0, 0, 1, 1, 1, 1, 0, 0, 1, 0, 1, 0, 0, 4;
A: 0, 0, 1, 0, 0, 0, 1, 1, 1, 1, 1, 0, 0, 1, 0, 0, 3;
A: 1, 0, 1, 1, 0, 1, 1, 0, 1, 1, 0, 0, 4, 1, 0, 1, 1;
A: 1, 0, 0, 1, 0, 0, 1, 1, 1, 1, 0, 0, 4, 1, 0, 1, 1;
A: 1, 0, 0, 1, 0, 0, 0, 1, 1, 1, 0, 0, 4, 1, 1, 1, 1;
A: 0, 0, 0, 1, 0, 1, 1, 1, 1, 1, 0, 1, 0, 1, 0, 1, 1;
A: 1, 0, 0, 1, 0, 0, 1, 1, 1, 1, 0, 0, 4, 1, 0, 1, 1;
A: 1, 0, 0, 1, 0, 0, 1, 1, 1, 1, 0, 0, 4, 1, 1, 1, 1;
A: 1, 0, 0, 1, 0, 0, 1, 1, 1, 1, 0, 0, 4, 1, 0, 1, 1;
A: 1, 0, 0, 1, 0, 0, 0, 1, 1, 1, 0, 0, 4, 1, 1, 1, 1;
A: 0, 1, 1, 0, 0, 0, 1, 0, 1, 1, 0, 0, 2, 1, 0, 1, 2;
A: 0, 0, 0, 0, 0, 0, 1, 0, 0, 1, 1, 0, 8, 1, 0, 0, 7;
A: 0, 0, 1, 0, 0, 1, 0, 1, 1, 0, 0, 1, 0, 1, 0, 0, 4;
A: 1, 0, 0, 1, 0, 1, 1, 1, 1, 1, 0, 1, 0, 0, 0, 1, 1;
A: 1, 0, 0, 1, 0, 1, 1, 1, 1, 1, 0, 1, 2, 1, 0, 1, 1;
A: 0, 0, 0, 0, 0, 1, 1, 1, 1, 0, 1, 0, 0, 1, 0, 0, 3;
A: 0, 0, 1, 0, 0, 1, 1, 0, 0, 0, 1, 0, 0, 0, 0, 0, 7;
A: 0, 1, 1, 0, 1, 1, 1, 0, 1, 1, 0, 0, 2, 1, 0, 0, 2;
A: 0, 1, 1, 0, 1, 1, 1, 0, 1, 1, 0, 0, 2, 1, 0, 0, 2;
A: 0, 0, 1, 0, 0, 0, 1, 1, 1, 1, 0, 0, 0, 1, 0, 0, 3;
A: 0, 0, 1, 0, 0, 0, 0, 0, 0, 1, 0, 0, 0, 0, 0, 0, 7;
A: 0, 0, 1, 0, 0, 1, 0, 1, 1, 0, 0, 1, 0, 1, 0, 0, 4;
A: 0, 1, 1, 0, 1, 0, 0, 0, 1, 1, 0, 0, 2, 1, 0, 0, 2;
A: 1, 0, 0, 1, 0, 0, 0, 1, 1, 1, 0, 0, 2, 1, 0, 0, 1;
A: 0, 0, 1, 0, 0, 1, 1, 0, 0, 0, 0, 0, 5, 0, 0, 0, 7;
A: 0, 0, 1, 0, 0, 1, 1, 1, 1, 0, 1, 1, 0, 1, 0, 1, 4;
A: 0, 1, 1, 0, 1, 1, 0, 0, 1, 1, 0, 0, 2, 1, 0, 1, 2;
A: 0, 0, 1, 0, 0, 0, 0, 0, 0, 1, 0, 0, 6, 0, 0, 0, 6;
A: 0, 0, 1, 0, 0, 1, 0, 1, 1, 1, 0, 0, 4, 0, 0, 0, 5;
A: 0, 0, 1, 0, 0, 0, 0, 0, 1, 1, 0, 0, 4, 1, 0, 1, 3;
A: 0, 0, 1, 0, 0, 0, 1, 1, 1, 1, 0, 0, 4, 1, 0, 0, 3;
A: 0, 0, 1, 0, 0, 1, 1, 1, 1, 0, 0, 1, 0, 1, 0, 1, 4;
A: 1, 0, 0, 1, 1, 0, 0, 1, 1, 1, 0, 0, 2, 1, 0, 0, 1;
A: 1, 0, 0, 1, 0, 0, 0, 1, 1, 1, 0, 0, 4, 1, 0, 0, 1;
A: 0, 1, 1, 0, 1, 0, 1, 0, 1, 1, 0, 0, 2, 1, 0, 1, 2;
A: 1, 0, 0, 1, 0, 0, 0, 1, 1, 1, 0, 0, 2, 1, 0, 1, 1;
A: 1, 0, 1, 0, 1, 0, 0, 0, 0, 1, 1, 0, 6, 0, 0, 0, 6;
A: 1, 0, 0, 1, 0, 0, 1, 1, 1, 1, 0, 0, 4, 1, 0, 1, 1;
A: 0, 0, 1, 0, 0, 0, 0, 0, 0, 1, 0, 0, 0, 0, 0, 0, 7;
A: 0, 1, 1, 0, 1, 0, 0, 0, 1, 1, 0, 0, 2, 1, 0, 0, 2;

B: 1, 0, 0, 1, 0, 0, 1, 1, 1, 1, 0, 0, 4, 0, 0, 1, 1;

